2261439878
2856473176
6690418876
6874937711
4167272533
3337753580
2411793900
9044666577
6203705151
2713491071
2175427150
3841784221
9930439179
8194189286
1281290977
5531051112
3174532942
7578678220
9364105860
9808939855
8124214356
7576088530
9049178441
4754736750
6422744210
9192388166
5282288585
7737403483
0985860011
3337558345
4547649358
8347711246
1040787096
0841326630
3859144546
3312047700
4417933904
1896962823
0901932762
2069330899
9785166239
9805362224
4760454885
1537564683
7203480995
8225899460
3648612534
8317614146
